10045:
2314434
10046:
1178866
803423
2506142
10047:
205729
827378
711436
1636386
193212
346924
1951856
743660
10048:
1590947
1367805
449591
1293456
1741802
2350428
1295702
10049:
1430873
555892
2082280
1005:
188792
239493
532649
172948
1375320
2262661
499648
1992424
2520684
202738
776836
786246
1492104
10050:
578168
498400
2540580
443256
763359
1619179
10051:
1992514
1444088
1181854
2640987
1637718
99993
2068042
2263492
42667
2183823
333589
1044758
2528820
1834032
974174
1296599
1595090
2096722
526154
1403360
2146083
10052:
256656
1205948
1748906
2018103
2597320
10053:
2498427
1424098
2346412
1603364
2245155
374663
417525
754005
474325
1518947
2181455
921472
512984
2641058
1782074
2205732
780136
1569985
2640042
1765813
1976224
652469
1712565
1521838
1808452
172291
1111395
1189934
1418575
959717
2070471
1731330
2455012
404156
22415
2155274
2018196
398215
700467
307168
2058077
1897417
884498
502067
1988672
2329133
2593690
654696
1615992
1716430
1180971
2324556
165745
1544780
1500196
814070
553335
1144699
2399472
210420
1740017
793327
2165004
194837
1447450
1234282
2170999
675886