10146:
3.5
4.4
3.4
3.4
3.7
3.4
10147:
4.8
4.5
4.5
5.0
4.0
5.0
2.5
4.5
4.3
5.0
4.5
4.5
4.6
4.5
3.8
4.8
4.5
4.0
5.0
4.5
3.0
3.5
3.8
4.5
5.0
3.9
5.0
4.2
4.7
3.1
4.0
4.5
5.0
4.0
4.3
4.9
5.0
5.0
5.0
4.5
4.8
4.1
3.9
4.5
5.0
4.4
4.0
4.5
3.7
4.3
4.4
3.5
5.0
4.4
4.9
5.0
5.0
4.3
4.5
4.0
4.5
4.5
4.5
5.0
4.6
4.1
5.0
4.3
5.0
4.2
4.7
4.4
2.9
5.0
3.9
4.5
4.0
5.0
4.3
4.5
4.3
4.3
4.8
4.6
4.1
5.0
4.7
3.5
10148:
2.6
2.2
1.9
2.5
2.2
2.3
2.8
2.1
3.1
2.5
2.8
3.2
2.5
2.1
10149:
1.9
1015:
4.5
3.6
3.4
3.7
4.8
3.0
3.6
3.6
4.0
3.9
4.4
3.5
3.3
3.5
4.4
3.7
3.6
4.6
3.9
4.5
3.9
3.2
3.5
4.0
5.0
3.5
3.7
4.9
4.7
4.0
10150:
4.4
3.4
10151:
3.4
3.6
3.8
3.1
2.9
3.0
3.3
3.5
2.4
3.3
3.1
4.3
RMSE: 0.94
