14538:
1083514
1969939
655328
903001
2044327
2604338
1718294
508551
1822867
1940036
2042517
1692371
933272
1651005
499193
561518
501922
1389124
2412309
840408
8059:
131819
332237
1315201
1875904
12917:
1758088
12109:
405832
23960
2294928
1081360
2234906
531168
418026
11232
880:
718435
1106398
1021587
27693
15584
82020
2561197
355686
562281
2467675
304307
89649
1272887
2160486
16051
712545
1471136
2517882
1044450
2032365
12045:
2541517
2371849
2352563
11067:
617752
357177
53784
3199:
1488781
708249
7765:
1373297
13386:
492540
1719096
833416
2521681
1427494
10859:
2336358
260255
538577
397930
2586631
2548781
1942739
1353289
251252
766466
8408:
1539072
16949:
465229
9419:
10161
8941:
1538487
360637
349129
14736:
1921018
1555:
816116
2412630
11354:
2422378
1353179
2560703
905349
2437936
1927929
1566279
833108
2575503
1604433
2612086
471869
14347:
1181576
2171:
2108604
2610968
2233725
1932922
2151351
1523790
1939830
2454374
1376698
866578
1744785
1232128
2373363
2199011
1146731
1322891
2409629
2174896
1538694
2245962
