10146:
2119034
1486442
2619865
1540466
1494255
2629234
10147:
1940735
194825
132881
196496
1643901
455962
237688
1081360
371897
2530472
494411
293284
1807963
2559707
2108102
2351463
250346
2639749
1946021
524907
1061809
1880385
1940424
704710
1262327
2213096
1082798
1117356
422879
1734147
159161
2185254
1733096
81843
1704847
322797
85281
2450058
273641
1842361
823984
1508115
90928
302686
2161891
1554971
2289012
886247
1094010
1551102
541822
1203545
675451
1471593
2438666
1567382
2202436
2016153
1875510
2445510
1761096
255085
21896
2543150
1722590
1107460
2170750
1337699
871561
1906516
2332416
2214251
2377336
1970422
308224
2462192
2629961
2339270
228978
92903
626118
1325506
1927227
2575033
1637481
137594
1103566
2306927
10148:
361261
830443
743490
1187835
1103422
624654
1104006
2179203
923301
2054289
1025722
1161053
1366326
1001993
10149:
100888
1015:
455527
2452816
1719439
1616135
995223
1152403
966426
284973
2311304
2204490
2065963
913371
1919178
437586
1143434
266128
674363
167440
1940067
919933
1747641
1519934
418970
323101
794963
326892
1602153
2420590
188612
841432
10150:
1680283
825353
10151:
1115434
834164
1961844
708900
125102
701960
2435449
240694
682261
1754486
1524684
1739634